5
5
5
5
5
5
5
5
5
5
5
5
5
5
5
5
5
5
5
5
5
5
5
5
5
5
5
5
5
5
5
5
5
5
5
5
5
5
5
5
5
5
5
5
5
5
5
5
5
5
15
5
5
10
5
5
5
5
5
20
20
15
5
20
15
25
5
25
10
20
10
20
15
15
25
10
25
30
5
20
10
20
25
35
15
35
20
40
20
40
25
5
35
35
30
25
5
35
10
30
35
15
45
25
45
50
35
30
45
40
45
15
30
35
35
30
35
45
30
25
35
40
30
25
25
55
50
55
45
45
40
45
50
45
45
50
50
45
50
55
60
45
65
50
20
50
65
50
50
55
50
65
65
65
60
70
65
55
60
60
70
45
70
45
65
50
75
65
50
70
65
55
30
40
70
70
80
55
25
75
70
60
45
75
55
60
25
35
70
50
35
75
55
75
75
65
45
80
70
65
65
60
25
30
15
5
40
70
60
70
50
70
60
40
50
45
70
55
70
55
65
60
70
75
45
65
65
70
70
50
40
65
70
50
40
80
70
75
65
60
80
75
35
70
80
80
65
70
60
55
70
80
75
75
75
80
85
70
70
70
85
80
75
85
40
65
50
70
80
80
60
80
70
65
85
75
35
50
60
65
55
70
75
55
55
50
40
35
90
50
45
65
30
45
75
60
35
60
60
50
15
60
35
40
60
55
40
60
50
40
70
50
30
80
20
55
35
50
90
50
30
70
20
50
80
55
40
95
25
70
100
50
35
65
65
25
70
95
70
30
45
50
35
100
15
15
15
25
35
60
25
55
50
65
70
60
10
25
25
50
90
70
35
50
40
40
55
45
60
65
30
60
75
40
40
70
45
35
70
60
15
60
50
65
70
40
10
55
30
60
75
35
50
55
40
40
70
55
45
55
25
55
55
60
40
50
20
50
55
70
45
50
75
60
100
80
35
40
50
60
50
75
45
60
25
75
95
90
20
35
40
70
65
75
30
55
35
95
100
60
65
60
30
60
50
60
95
80
40
100
30
45
95
50
40
55
35
30
100
60
30
60
35
60
85
65
50
70
40
65
75
60
35
50
50
45
65
100
25
45
70
85
100
100
30
70
40
80
100
95
20
60
10
100
100
50
40
40
100
15
40
100
60
15
90
30
90
90
45
30
55
25
60
90
40
20
45
20
50
45
50
85
30
75
45
60
30
60
85
60
25
55
50
55
60
60
35
40
35
30
90
65
30
90
35
85
70
35
15
60
50
40
85
80
30
85
55
65
100
75
30
75
45
60
35
100
55
55
45
55
25
50
80
50
35
55
20
80
100
75
30
50
50
100
100
75
20
40
95
60
95
60
35
85
35
50
100
40
60
35
20
35
45
40
25
50
20
80
20
35
60
30
20
55
35
40
40
20
45
80
35
15
45
30
35
70
60
30
55
20
65
35
50
40
40
90
45
40
70
50
35
45
25
90
75
40
30
45
30
10
70
70
45
45
30
50
30
55
20
40
55
25
35
65
55
45
80
20
45
40
80
50
35
75
25
50
90
55
20
65
50
50
40
5
65
5
45
20
60
60
40
10
40
15
70
100
30
30
80
5
40
95
45
20
25
20
55
50
15
10
35
25
20
25
60
45
25
35
5
35
30
25
65
30
10
50
25
40
65
65
20
40
25
35
65
50
30
35
25
55
80
75
10
35
10
35
60
40
15
35
5
25
40
20
15
30
10
50
25
35